1 0.90078125 0.56796875 0.0328125 0.17578125
2 0.21484375 0.74765625 0.05546875 0.17734375
2 0.48984375 0.653125 0.04375 0.16484375
3 0.77109375 0.58828125 0.02578125 0.15390625
2 0.7109375 0.60859375 0.0328125 0.184375
0 0.0703125 0.84140625 0.021875 0.0375
2 0.07265625 0.76015625 0.03984375 0.14765625
2 0.23125 0.65 0.02578125 0.0796875
2 0.25859375 0.71953125 0.03515625 0.23125
2 0.409375 0.69453125 0.03828125 0.15
2 0.44765625 0.66328125 0.03671875 0.18125
3 0.3578125 0.6953125 0.053125 0.13046875