3 0.3796875 0.73828125 0.04453125 0.30390625
2 0.4296875 0.76640625 0.09453125 0.38359375
2 0.325 0.74375 0.0578125 0.39453125
2 0.6140625 0.7921875 0.08203125 0.41484375
2 0.6984375 0.76171875 0.059375 0.37578125
2 0.28203125 0.79375 0.0484375 0.26015625
2 0.57109375 0.72421875 0.05390625 0.3125
2 0.73203125 0.76015625 0.0640625 0.28125
2 0.65703125 0.7265625 0.05078125 0.32734375
1 0.81640625 0.725 0.04453125 0.2046875
0 0.63984375 0.365625 0.02421875 0.09921875
0 0.37578125 0.6859375 0.01640625 0.0421875