3 0.55234375 0.65078125 0.103125 0.5734375
2 0.2984375 0.5921875 0.03046875 0.165625
2 0.62578125 0.60546875 0.05 0.19140625
2 0.4328125 0.5953125 0.05546875 0.234375
2 0.70703125 0.5859375 0.028125 0.1609375
3 0.6734375 0.584375 0.0296875 0.1515625
2 0.4921875 0.59453125 0.03515625 0.203125
2 0.3234375 0.59921875 0.03359375 0.165625
2 0.359375 0.60078125 0.03046875 0.18203125
2 0.3890625 0.5890625 0.03828125 0.153125
2 0.478125 0.58828125 0.02265625 0.1625
0 0.675 0.55859375 0.01328125 0.01953125