3 0.55546875 0.6578125 0.1046875 0.58359375
2 0.296875 0.5984375 0.03125 0.16796875
2 0.63046875 0.61171875 0.05078125 0.19453125
2 0.434375 0.60078125 0.05625 0.2390625
2 0.7125 0.5921875 0.02890625 0.1640625
3 0.67890625 0.58984375 0.03046875 0.15390625
2 0.49375 0.6 0.0359375 0.20625
2 0.3234375 0.60546875 0.034375 0.16796875
2 0.36015625 0.60625 0.03125 0.18515625
2 0.3890625 0.59453125 0.0390625 0.15546875
2 0.48046875 0.59375 0.02265625 0.165625
0 0.68046875 0.56328125 0.01328125 0.01953125