3 0.55 0.6640625 0.11015625 0.6125
2 0.27890625 0.6015625 0.0328125 0.1765625
2 0.628125 0.615625 0.053125 0.2046875
2 0.42265625 0.6046875 0.059375 0.25078125
2 0.71484375 0.5953125 0.0296875 0.171875
3 0.67890625 0.59296875 0.03203125 0.16171875
2 0.48515625 0.60390625 0.0375 0.21640625
2 0.30625 0.609375 0.0359375 0.1765625
2 0.34453125 0.61015625 0.0328125 0.19453125
2 0.37578125 0.59765625 0.040625 0.16328125
2 0.47109375 0.596875 0.02421875 0.1734375
0 0.68125 0.565625 0.0140625 0.02109375