3 0.1453125 0.5421875 0.04453125 0.215625
1 0.3515625 0.54921875 0.04921875 0.184375
2 0.75625 0.65546875 0.11484375 0.44453125
2 0.4953125 0.6078125 0.05859375 0.2234375
2 0.2765625 0.5859375 0.05703125 0.24453125
2 0.6796875 0.57578125 0.05703125 0.2234375
2 0.646875 0.578125 0.03984375 0.2109375
2 0.7890625 0.584375 0.04921875 0.2359375
2 0.71953125 0.6421875 0.0453125 0.2765625
2 0.8296875 0.59921875 0.04375 0.1796875
2 0.80859375 0.5328125 0.0265625 0.08359375
0 0.28828125 0.575 0.0203125 0.03671875