3 0.13515625 0.52890625 0.04765625 0.2296875
1 0.35546875 0.53671875 0.05234375 0.19765625
2 0.7859375 0.65 0.12265625 0.475
2 0.5078125 0.5984375 0.0625 0.2390625
2 0.27421875 0.57578125 0.0609375 0.2609375
2 0.70546875 0.56484375 0.0609375 0.2390625
2 0.66953125 0.56640625 0.0421875 0.22578125
2 0.821875 0.57421875 0.05234375 0.25234375
2 0.74765625 0.6359375 0.0484375 0.2953125
2 0.86484375 0.58984375 0.04609375 0.19140625
2 0.84296875 0.51875 0.028125 0.0890625
0 0.2875 0.5640625 0.02109375 0.0390625