3 0.88515625 0.51953125 0.046875 0.22890625
1 0.66640625 0.52734375 0.05234375 0.19609375
2 0.2375 0.63984375 0.121875 0.471875
2 0.51484375 0.5890625 0.0625 0.2375
2 0.746875 0.56640625 0.06015625 0.259375
2 0.31796875 0.55546875 0.06015625 0.2375
2 0.35390625 0.5578125 0.0421875 0.22421875
2 0.2015625 0.56484375 0.05234375 0.25078125
2 0.27578125 0.62578125 0.0484375 0.29375
2 0.159375 0.58046875 0.04609375 0.190625
2 0.18125 0.509375 0.028125 0.08828125
0 0.73359375 0.5546875 0.02109375 0.0390625