2 0.5046875 0.49765625 0.07265625 0.28046875
2 0.09453125 0.509375 0.05625 0.221875
2 0.4546875 0.51953125 0.0734375 0.234375
2 0.3 0.5109375 0.05625 0.21640625
1 0.01171875 0.51953125 0.0234375 0.1328125
2 0.040625 0.52421875 0.034375 0.18125
2 0.24921875 0.5078125 0.0390625 0.228125
2 0.7109375 0.52421875 0.0484375 0.19375
2 0.76484375 0.52109375 0.04765625 0.1796875
2 0.53046875 0.51484375 0.0390625 0.21484375
2 0.8734375 0.525 0.0578125 0.2125
3 0.9828125 0.50078125 0.03359375 0.31875
0 0.5453125 0.475 0.03046875 0.0609375