2 0.65546875 0.50859375 0.05859375 0.20703125
2 0.49375 0.55546875 0.06484375 0.409375
2 0.22734375 0.5203125 0.0578125 0.31796875
2 0.4 0.546875 0.128125 0.36171875
1 0.74296875 0.5 0.03828125 0.18046875
1 0.09296875 0.49296875 0.0640625 0.24140625
2 0.30703125 0.53671875 0.090625 0.33203125
2 0.13359375 0.50859375 0.07109375 0.26015625
1 0.88046875 0.4875 0.0359375 0.17734375
1 0.1796875 0.50078125 0.0375 0.20078125
1 0.0109375 0.5015625 0.021875 0.20546875
1 0.9875 0.4859375 0.025 0.17109375
1 0.94375 0.5 0.02109375 0.1421875