2 0.4109375 0.534375 0.05234375 0.184375
2 0.5546875 0.57578125 0.0578125 0.365625
2 0.79296875 0.54453125 0.0515625 0.28359375
2 0.6390625 0.56796875 0.11484375 0.321875
1 0.33203125 0.5265625 0.034375 0.1609375
1 0.9125 0.5203125 0.05703125 0.215625
2 0.721875 0.559375 0.08125 0.29609375
2 0.03125 0.621875 0.04921875 0.28203125
2 0.8765625 0.534375 0.06328125 0.23203125
1 0.209375 0.515625 0.03203125 0.15859375
1 0.8359375 0.52734375 0.03359375 0.17890625
1 0.9875 0.528125 0.02265625 0.18359375
1 0.0734375 0.51953125 0.021875 0.1375
1 0.11015625 0.51484375 0.0296875 0.153125
1 0.153125 0.5265625 0.01875 0.1265625