2 0.36328125 0.43984375 0.06953125 0.27734375
2 0.25234375 0.43515625 0.04921875 0.253125
2 0.83359375 0.4671875 0.04921875 0.265625
2 0.5421875 0.42578125 0.05078125 0.33203125
2 0.61875 0.44609375 0.0484375 0.28828125
2 0.69921875 0.47109375 0.0703125 0.2
2 0.77421875 0.478125 0.05078125 0.20703125
2 0.1125 0.4421875 0.04921875 0.190625
0 0.52421875 0.51015625 0.02421875 0.0515625
2 0.50234375 0.48671875 0.06015625 0.14609375
3 0.1796875 0.45625 0.034375 0.165625
2 0.396875 0.46171875 0.034375 0.17890625
3 0.95390625 0.48984375 0.03984375 0.21015625