2 0.79140625 0.409375 0.06015625 0.21796875
2 0.64375 0.4125 0.05 0.20546875
2 0.85546875 0.39296875 0.0546875 0.171875
2 0.553125 0.39296875 0.03125 0.165625
2 0.7015625 0.38359375 0.0359375 0.153125
2 0.27421875 0.5671875 0.2421875 0.86484375
2 0.38203125 0.37421875 0.02265625 0.13515625
3 0.4796875 0.45234375 0.0859375 0.39609375
3 0.58671875 0.37109375 0.02578125 0.12265625
2 0.67890625 0.37421875 0.034375 0.171875
2 0.5234375 0.37890625 0.02265625 0.13203125
2 0.36796875 0.37109375 0.0171875 0.159375