1 0.125 0.5234375 0.03359375 0.13828125
1 0.159375 0.52734375 0.0234375 0.1171875
2 0.1828125 0.5015625 0.04296875 0.23203125
2 0.784375 0.49609375 0.07578125 0.21640625
2 0.5125 0.515625 0.05234375 0.203125
2 0.5265625 0.509375 0.0671875 0.1953125
2 0.37890625 0.51328125 0.04765625 0.1921875
2 0.61484375 0.515625 0.0609375 0.1734375
3 0.04453125 0.5234375 0.03828125 0.19375
2 0.32578125 0.5140625 0.0390625 0.1828125
2 0.71796875 0.4953125 0.04375 0.20703125
3 0.91171875 0.48984375 0.05078125 0.23515625
0 0.53359375 0.47578125 0.02890625 0.05078125