2 0.2125 0.49296875 0.03515625 0.17890625
2 0.30859375 0.48046875 0.04140625 0.153125
2 0.5875 0.4515625 0.02890625 0.13671875
2 0.41796875 0.50859375 0.059375 0.17890625
3 0.26640625 0.471875 0.03828125 0.13671875
0 0.4359375 0.503125 0.025 0.04296875
2 0.4671875 0.45390625 0.0296875 0.121875
2 0.67734375 0.44453125 0.02265625 0.11640625
1 0.0875 0.47734375 0.0765625 0.23828125
2 0.38984375 0.4875 0.04140625 0.13359375
3 0.87734375 0.44765625 0.03203125 0.17890625
1 0.03984375 0.47265625 0.03515625 0.14453125
2 0.509375 0.46328125 0.04765625 0.1421875
2 0.5 0.44609375 0.02890625 0.10234375