2 0.49140625 0.51953125 0.04453125 0.19609375
2 0.65546875 0.5234375 0.03203125 0.19375
2 0.52734375 0.5109375 0.040625 0.21171875
2 0.83203125 0.51796875 0.03515625 0.20390625
2 0.38125 0.5328125 0.040625 0.17109375
2 0.3296875 0.52421875 0.034375 0.19453125
2 0.2890625 0.525 0.04296875 0.19609375
2 0.2515625 0.534375 0.0484375 0.175
2 0.09453125 0.534375 0.02421875 0.1765625
0 0.53515625 0.4171875 0.01328125 0.0265625
3 0.8796875 0.5171875 0.03671875 0.20390625
3 0.39375 0.5421875 0.02421875 0.15625