2 0.2234375 0.37421875 0.03046875 0.12421875
2 0.70234375 0.425 0.046875 0.14453125
2 0.4171875 0.384375 0.0328125 0.15
2 0.61796875 0.41171875 0.046875 0.1296875
2 0.790625 0.43203125 0.0390625 0.153125
2 0.46640625 0.39609375 0.0375 0.12109375
3 0.73515625 0.40859375 0.02890625 0.1359375
2 0.590625 0.4078125 0.0421875 0.1328125
2 0.525 0.39921875 0.03046875 0.12734375
2 0.503125 0.40859375 0.02578125 0.1125
2 0.4390625 0.38984375 0.02109375 0.1328125
1 0.903125 0.40859375 0.0859375 0.2921875
0 0.78828125 0.41484375 0.01484375 0.0390625
3 0.12265625 0.37890625 0.03359375 0.21171875