2 0.553125 0.52109375 0.06328125 0.24296875
2 0.1984375 0.53125 0.04921875 0.19140625
2 0.51015625 0.540625 0.06328125 0.203125
2 0.3765625 0.53203125 0.04921875 0.18671875
1 0.096875 0.52734375 0.021875 0.1
1 0.125 0.53984375 0.0234375 0.11484375
2 0.1515625 0.54375 0.0296875 0.15625
2 0.3328125 0.53046875 0.03359375 0.196875
2 0.73203125 0.54375 0.04140625 0.16796875
2 0.77890625 0.54140625 0.04140625 0.15546875
2 0.57578125 0.5359375 0.03359375 0.1859375
3 0.03828125 0.53828125 0.03515625 0.1765625
2 0.87265625 0.5453125 0.05 0.184375
3 0.9765625 0.52421875 0.04609375 0.2765625
0 0.5890625 0.5015625 0.0265625 0.053125