2 0.49296875 0.52109375 0.0453125 0.19765625
2 0.65703125 0.52578125 0.03203125 0.19453125
2 0.528125 0.5125 0.040625 0.21328125
2 0.834375 0.51953125 0.0359375 0.2046875
2 0.38203125 0.53515625 0.040625 0.171875
2 0.3296875 0.52578125 0.034375 0.1953125
2 0.2890625 0.52734375 0.04375 0.19765625
2 0.25078125 0.53671875 0.0484375 0.17578125
2 0.09375 0.53671875 0.02421875 0.178125
0 0.53671875 0.41875 0.01328125 0.0265625
3 0.88203125 0.51875 0.03671875 0.2046875
3 0.39453125 0.54453125 0.02421875 0.15703125