2 0.89375 0.475 0.134375 0.39453125
2 0.3109375 0.4625 0.053125 0.25859375
2 0.56484375 0.45859375 0.0421875 0.25546875
2 0.94375 0.4109375 0.05625 0.24453125
2 0.53984375 0.421875 0.0359375 0.16640625
2 0.43359375 0.42109375 0.0265625 0.1140625
2 0.76640625 0.390625 0.0421875 0.14140625
2 0.50703125 0.4140625 0.0328125 0.121875
1 0.12265625 0.4109375 0.0984375 0.2609375
2 0.72890625 0.40390625 0.0359375 0.153125
1 0.17890625 0.4515625 0.0453125 0.225
2 0.8140625 0.4125 0.034375 0.13046875
0 0.49453125 0.39453125 0.0140625 0.021875