2 0.34921875 0.646875 0.046875 0.22578125
2 0.50859375 0.70390625 0.0546875 0.2796875
2 0.75625 0.77109375 0.0671875 0.1953125
2 0.55390625 0.7046875 0.04296875 0.221875
2 0.88515625 0.8046875 0.03984375 0.21015625
2 0.95234375 0.82578125 0.046875 0.19921875
1 0.075 0.5703125 0.03046875 0.15390625
3 0.0578125 0.571875 0.04375 0.1921875
2 0.4703125 0.6828125 0.03046875 0.1671875
3 0.41796875 0.67890625 0.025 0.1328125
3 0.98046875 0.8078125 0.034375 0.1921875
0 0.59140625 0.72109375 0.01328125 0.02265625
1 0.72578125 0.76015625 0.040625 0.1703125