1 0.1484375 0.50625 0.03203125 0.13203125
1 0.18046875 0.509375 0.021875 0.1125
2 0.203125 0.48515625 0.04140625 0.221875
2 0.7796875 0.4796875 0.07265625 0.20703125
2 0.51953125 0.4984375 0.05 0.19453125
2 0.5328125 0.49296875 0.0640625 0.18671875
2 0.39140625 0.49609375 0.04609375 0.184375
2 0.6171875 0.4984375 0.05859375 0.165625
3 0.07109375 0.50546875 0.03671875 0.18515625
2 0.340625 0.496875 0.0375 0.175
2 0.71640625 0.47890625 0.04140625 0.1984375
3 0.9015625 0.4734375 0.04921875 0.225
0 0.5390625 0.46015625 0.02734375 0.04921875