2 0.4890625 0.53125 0.0796875 0.21875
2 0.54375 0.51171875 0.06875 0.2671875
2 0.25078125 0.53984375 0.034375 0.18203125
2 0.2671875 0.52265625 0.053125 0.22890625
1 0.025 0.54921875 0.02421875 0.14609375
1 0.0546875 0.534375 0.0265625 0.1359375
2 0.08828125 0.53515625 0.04140625 0.190625
2 0.21171875 0.53125 0.0546875 0.20703125
2 0.79765625 0.5390625 0.05078125 0.184375
2 0.678125 0.53359375 0.05859375 0.196875
2 0.61484375 0.54140625 0.053125 0.1953125
2 0.70546875 0.53671875 0.053125 0.1921875
3 0.9 0.528125 0.05078125 0.24140625
0 0.578125 0.484375 0.021875 0.04296875