2 0.75390625 0.40859375 0.03984375 0.2015625
2 0.6453125 0.39453125 0.046875 0.1734375
2 0.33125 0.3625 0.03203125 0.15390625
2 0.521875 0.4265625 0.06640625 0.2015625
3 0.6921875 0.384375 0.04296875 0.15390625
0 0.5015625 0.4203125 0.028125 0.0484375
2 0.4671875 0.36484375 0.03359375 0.1375
2 0.23046875 0.35390625 0.025 0.13125
1 0.89375 0.39140625 0.08671875 0.26953125
2 0.55390625 0.40234375 0.046875 0.15078125
3 0.01171875 0.35703125 0.0234375 0.2015625
1 0.94765625 0.3859375 0.03984375 0.16328125
2 0.41875 0.375 0.05390625 0.16015625
2 0.4296875 0.35546875 0.03203125 0.115625