2 0.4734375 0.5140625 0.08203125 0.22421875
2 0.5296875 0.49296875 0.07109375 0.2734375
2 0.2296875 0.52265625 0.0359375 0.1859375
2 0.246875 0.5046875 0.0546875 0.234375
1 0.00546875 0.53203125 0.0109375 0.14921875
1 0.02890625 0.51640625 0.02734375 0.13984375
2 0.06328125 0.51796875 0.0421875 0.1953125
2 0.18984375 0.5140625 0.05625 0.21171875
2 0.790625 0.521875 0.05234375 0.18828125
2 0.6671875 0.515625 0.06015625 0.2015625
2 0.603125 0.52421875 0.05390625 0.2
2 0.6953125 0.51953125 0.05390625 0.196875
3 0.8953125 0.51015625 0.05234375 0.246875
0 0.56484375 0.465625 0.02265625 0.04375