2 0.47265625 0.59609375 0.1125 0.3828125
2 0.0828125 0.54609375 0.05390625 0.25546875
2 0.578125 0.571875 0.075 0.1734375
1 0.0234375 0.521875 0.046875 0.2109375
3 0.390625 0.540625 0.0546875 0.1703125
2 0.2078125 0.53046875 0.05234375 0.1765625
1 0.65546875 0.52578125 0.03203125 0.1765625
2 0.16328125 0.54375 0.04609375 0.19140625
0 0.603125 0.578125 0.0234375 0.0578125
2 0.79140625 0.64140625 0.11484375 0.47109375
1 0.96015625 0.5140625 0.028125 0.15
1 0.934375 0.5109375 0.021875 0.16015625
1 0.90859375 0.52109375 0.02421875 0.15859375
1 0.8921875 0.51796875 0.02421875 0.1453125
1 0.853125 0.52265625 0.02109375 0.13515625