2 0.54375 0.57890625 0.0453125 0.36640625
2 0.4171875 0.525 0.0390625 0.1859375
2 0.78828125 0.546875 0.053125 0.28359375
2 0.721875 0.56171875 0.075 0.29296875
2 0.02890625 0.6359375 0.05625 0.29140625
1 0.328125 0.52890625 0.0296875 0.15859375
2 0.58984375 0.59453125 0.0796875 0.278125
2 0.640625 0.575 0.0609375 0.30859375
1 0.9078125 0.5234375 0.04296875 0.21953125
2 0.6703125 0.56953125 0.046875 0.321875
1 0.984375 0.53046875 0.02890625 0.18046875
1 0.859375 0.521875 0.03828125 0.2015625
1 0.8296875 0.53046875 0.03359375 0.178125
1 0.10546875 0.5265625 0.0234375 0.1296875
1 0.15 0.5234375 0.025 0.1359375
1 0.18125 0.53203125 0.0296875 0.1140625
1 0.20390625 0.525 0.025 0.1453125