2 0.584375 0.58984375 0.11015625 0.571875
2 0.384375 0.6765625 0.04609375 0.2609375
2 0.1546875 0.67734375 0.046875 0.253125
2 0.4828125 0.6734375 0.05859375 0.25703125
2 0.275 0.66875 0.0578125 0.2734375
2 0.05859375 0.690625 0.05390625 0.20859375
2 0.3109375 0.690625 0.0609375 0.20859375
2 0.23515625 0.6765625 0.03984375 0.23828125
0 0.5046875 0.5421875 0.03828125 0.06796875
3 0.92734375 0.565625 0.14296875 0.8265625
1 0.7234375 0.68828125 0.034375 0.203125
1 0.771875 0.67109375 0.0453125 0.2328125