2 0.5828125 0.58203125 0.05078125 0.225
2 0.15859375 0.66796875 0.05 0.2078125
2 0.653125 0.565625 0.03515625 0.16015625
2 0.06171875 0.68828125 0.05859375 0.22109375
2 0.2953125 0.63203125 0.03984375 0.19453125
2 0.38359375 0.61875 0.05390625 0.1875
3 0.4609375 0.61640625 0.02265625 0.140625
2 0.4765625 0.60390625 0.034375 0.1859375
2 0.5046875 0.60234375 0.03125 0.16015625
3 0.7484375 0.5609375 0.05078125 0.16640625
2 0.3328125 0.6171875 0.03515625 0.190625
1 0.7859375 0.54453125 0.034375 0.16328125
2 0.3625 0.6125 0.025 0.17265625
2 0.3140625 0.47265625 0.02578125 0.09375
0 0.31875 0.4390625 0.01328125 0.0234375