2 0.78828125 0.5046875 0.0453125 0.16875
2 0.2234375 0.54453125 0.06484375 0.21953125
2 0.54375 0.5296875 0.0640625 0.19375
2 0.60546875 0.53203125 0.11328125 0.18203125
2 0.646875 0.5234375 0.059375 0.1734375
2 0.67734375 0.5140625 0.0390625 0.1453125
3 0.865625 0.49921875 0.03046875 0.17421875
2 0.56015625 0.53046875 0.03359375 0.18203125
1 0.9140625 0.4875 0.040625 0.1921875
1 0.10390625 0.5796875 0.1796875 0.840625
1 0.0546875 0.5671875 0.109375 0.65859375
0 0.57421875 0.5265625 0.01796875 0.040625