2 0.634375 0.6078125 0.04375 0.2109375
2 0.4859375 0.6609375 0.0515625 0.2609375
2 0.25546875 0.7234375 0.0625 0.18203125
2 0.44375 0.66171875 0.03984375 0.20703125
2 0.13515625 0.7546875 0.0375 0.19609375
2 0.07265625 0.77421875 0.04375 0.1859375
1 0.88984375 0.5359375 0.02890625 0.14375
3 0.90625 0.53828125 0.040625 0.17890625
2 0.521875 0.64140625 0.02890625 0.15546875
3 0.5703125 0.6375 0.0234375 0.12421875
3 0.04609375 0.7578125 0.03203125 0.17890625
0 0.40859375 0.67734375 0.0125 0.02109375
1 0.28359375 0.7140625 0.03828125 0.15859375