2 0.5234375 0.53046875 0.10546875 0.225
2 0.7359375 0.56640625 0.08046875 0.35859375
2 0.4140625 0.5421875 0.0765625 0.24296875
2 0.35546875 0.5625 0.075 0.2609375
1 0.9171875 0.49609375 0.0359375 0.20546875
1 0.8765625 0.50546875 0.0515625 0.175
1 0.8109375 0.51171875 0.05 0.1625
2 0.653125 0.5375 0.09609375 0.21953125
1 0.0578125 0.5 0.03515625 0.14453125
3 0.60390625 0.509375 0.0359375 0.1734375
1 0.9828125 0.5 0.0328125 0.196875
1 0.13203125 0.48984375 0.025 0.15
1 0.15234375 0.496875 0.01640625 0.1359375
1 0.1703125 0.5015625 0.028125 0.1265625
1 0.209375 0.503125 0.02109375 0.1203125
1 0.2609375 0.503125 0.0171875 0.1234375
1 0.28203125 0.50234375 0.02109375 0.134375
1 0.1109375 0.496875 0.021875 0.1296875