1 0.18203125 0.525 0.0296875 0.1171875
2 0.22421875 0.5171875 0.0484375 0.21328125
2 0.48359375 0.5109375 0.09296875 0.2390625
2 0.74765625 0.51484375 0.034375 0.21484375
2 0.4046875 0.5203125 0.0359375 0.20859375
2 0.7984375 0.5296875 0.05234375 0.18359375
2 0.840625 0.52265625 0.05078125 0.20234375
3 0.984375 0.521875 0.03046875 0.19921875
2 0.5203125 0.5328125 0.07578125 0.18984375
2 0.25859375 0.52578125 0.02265625 0.17265625
2 0.44921875 0.52421875 0.0328125 0.1703125
3 0.03515625 0.521875 0.04296875 0.21015625
1 0.1109375 0.5234375 0.034375 0.1140625
1 0.15390625 0.53046875 0.03046875 0.1140625
0 0.5015625 0.48515625 0.021875 0.046875