2 0.51015625 0.5125 0.07421875 0.203125
2 0.5609375 0.49375 0.0640625 0.246875
2 0.28984375 0.5203125 0.03203125 0.16796875
2 0.3046875 0.50390625 0.04921875 0.21171875
1 0.08046875 0.52890625 0.02265625 0.13515625
1 0.1078125 0.51484375 0.025 0.1265625
2 0.1390625 0.51640625 0.03828125 0.1765625
2 0.25390625 0.5125 0.05078125 0.19140625
2 0.796875 0.51953125 0.04765625 0.1703125
3 0.03515625 0.5171875 0.0234375 0.1765625
2 0.6859375 0.5140625 0.05390625 0.18203125
2 0.62734375 0.521875 0.04921875 0.18046875
2 0.71171875 0.51796875 0.04921875 0.178125
3 0.8921875 0.509375 0.04765625 0.2234375
0 0.59296875 0.46875 0.0203125 0.03984375