2 0.56171875 0.60078125 0.1140625 0.3875
2 0.95625 0.54921875 0.0546875 0.25859375
2 0.45546875 0.57578125 0.07578125 0.17578125
3 0.6453125 0.54453125 0.05546875 0.17265625
2 0.83046875 0.53359375 0.053125 0.17890625
1 0.3765625 0.52890625 0.03203125 0.17890625
2 0.87578125 0.54765625 0.04609375 0.19375
0 0.43046875 0.58203125 0.0234375 0.05859375
2 0.23984375 0.64609375 0.11640625 0.47734375
1 0.01484375 0.51484375 0.0296875 0.1640625
1 0.06875 0.5171875 0.028125 0.1515625
1 0.0953125 0.5140625 0.02265625 0.16171875
1 0.121875 0.52421875 0.02421875 0.16015625
1 0.1375 0.52109375 0.02421875 0.146875
1 0.17734375 0.5265625 0.021875 0.13671875