2 0.628125 0.45859375 0.09140625 0.36953125
2 0.75546875 0.478125 0.06640625 0.2484375
2 0.53359375 0.4765625 0.11015625 0.3609375
2 0.08671875 0.45 0.06875 0.32109375
2 0.27421875 0.46171875 0.05625 0.28359375
2 0.2265625 0.428125 0.05625 0.25546875
2 0.315625 0.46484375 0.05234375 0.16328125
2 0.4921875 0.46484375 0.03671875 0.16875
0 0.8171875 0.41875 0.0265625 0.046875
1 0.95859375 0.46484375 0.0390625 0.18828125
1 0.91640625 0.4640625 0.0390625 0.19609375
1 0.246875 0.4515625 0.02265625 0.10625