2 0.47890625 0.53984375 0.05 0.40625
2 0.61953125 0.4796875 0.04296875 0.20625
2 0.20859375 0.5046875 0.05859375 0.3140625
2 0.28203125 0.52109375 0.0828125 0.325
1 0.71796875 0.484375 0.0328125 0.175
2 0.428125 0.55703125 0.08828125 0.3078125
2 0.371875 0.53515625 0.0671875 0.34140625
1 0.0765625 0.478125 0.04765625 0.24296875
2 0.3390625 0.52890625 0.0515625 0.35703125
1 0.00390625 0.4859375 0.0078125 0.2
1 0.1296875 0.47578125 0.0421875 0.2234375
1 0.1625 0.4859375 0.0375 0.196875
1 0.9640625 0.48125 0.02578125 0.14375
1 0.91484375 0.478125 0.028125 0.15078125
1 0.8796875 0.48828125 0.0328125 0.1265625
1 0.85546875 0.4796875 0.028125 0.1609375