2 0.41328125 0.515625 0.05390625 0.27265625
2 0.5609375 0.5296875 0.053125 0.19296875
2 0.74453125 0.5234375 0.0484375 0.190625
2 0.87421875 0.51640625 0.04609375 0.19453125
3 0.37109375 0.546875 0.0328125 0.1609375
2 0.46796875 0.53828125 0.05546875 0.19296875
2 0.50390625 0.53671875 0.034375 0.190625
2 0.521875 0.5296875 0.03046875 0.2015625
3 0.95390625 0.5109375 0.0390625 0.24453125
0 0.52109375 0.3109375 0.02109375 0.03828125
1 0.0859375 0.5484375 0.03046875 0.1296875
1 0.12890625 0.5671875 0.03515625 0.13359375