2 0.59375 0.54296875 0.12109375 0.25859375
2 0.83671875 0.584375 0.0921875 0.4125
2 0.46796875 0.55703125 0.08828125 0.2796875
2 0.4 0.5796875 0.0859375 0.3
1 0.984375 0.5140625 0.03046875 0.2015625
1 0.9234375 0.521875 0.0578125 0.18671875
2 0.7421875 0.55078125 0.11015625 0.25234375
1 0.0578125 0.5078125 0.040625 0.16640625
3 0.6859375 0.51875 0.04140625 0.2
1 0.14375 0.49609375 0.02890625 0.171875
1 0.1671875 0.5046875 0.01875 0.15625
1 0.1875 0.509375 0.03203125 0.1453125
1 0.23203125 0.51171875 0.02421875 0.13828125
1 0.2921875 0.51171875 0.0203125 0.1421875
1 0.31640625 0.5109375 0.02421875 0.1546875
1 0.11875 0.5046875 0.025 0.14921875