1 0.1875 0.52109375 0.02890625 0.11484375
2 0.228125 0.51328125 0.04765625 0.209375
2 0.48203125 0.50703125 0.09140625 0.234375
2 0.74140625 0.5109375 0.03359375 0.21015625
2 0.40546875 0.51640625 0.03515625 0.2046875
2 0.790625 0.525 0.05078125 0.1796875
2 0.83203125 0.51875 0.05 0.1984375
3 0.97421875 0.51796875 0.0328125 0.1953125
2 0.51796875 0.528125 0.07421875 0.1859375
2 0.26171875 0.521875 0.02265625 0.16953125
2 0.44921875 0.5203125 0.03203125 0.16640625
3 0.04296875 0.51796875 0.0421875 0.20546875
1 0.1171875 0.51875 0.03359375 0.11171875
1 0.16015625 0.5265625 0.03046875 0.11171875
0 0.5 0.48203125 0.021875 0.04609375