2 0.54921875 0.59140625 0.05 0.40390625
2 0.41015625 0.53203125 0.04296875 0.2046875
2 0.8171875 0.55625 0.05859375 0.31171875
2 0.74453125 0.57265625 0.08203125 0.32265625
2 0.00703125 0.65390625 0.0140625 0.3203125
1 0.3125 0.53671875 0.0328125 0.17421875
2 0.59921875 0.60859375 0.0875 0.30546875
2 0.65546875 0.5875 0.0671875 0.3390625
1 0.94921875 0.53046875 0.046875 0.24140625
2 0.6875 0.58125 0.0515625 0.3546875
1 0.89609375 0.528125 0.0421875 0.221875
1 0.86328125 0.53828125 0.03671875 0.19609375
1 0.06796875 0.53359375 0.02578125 0.14296875
1 0.11640625 0.5296875 0.02734375 0.14921875
1 0.15078125 0.540625 0.03203125 0.12578125
1 0.17578125 0.53203125 0.02734375 0.159375