2 0.9 0.46640625 0.14765625 0.4359375
2 0.259375 0.45234375 0.05859375 0.28515625
2 0.53828125 0.44765625 0.04609375 0.28203125
2 0.95546875 0.39609375 0.06171875 0.2703125
2 0.5109375 0.4078125 0.03984375 0.184375
2 0.39453125 0.40625 0.02890625 0.12578125
2 0.76015625 0.37265625 0.04609375 0.15625
2 0.475 0.3984375 0.0359375 0.13515625
1 0.053125 0.39609375 0.10625 0.28828125
2 0.71875 0.38828125 0.03984375 0.16875
1 0.1140625 0.43984375 0.05 0.2484375
2 0.8125 0.396875 0.0375 0.14453125
0 0.46171875 0.37734375 0.015625 0.02421875