1 0.1484375 0.50703125 0.0328125 0.1328125
1 0.18125 0.51015625 0.02265625 0.11328125
2 0.20390625 0.4859375 0.04140625 0.2234375
2 0.78359375 0.48046875 0.07265625 0.20859375
2 0.521875 0.49921875 0.05078125 0.1953125
2 0.53515625 0.49375 0.0640625 0.18828125
2 0.39296875 0.496875 0.04609375 0.18515625
2 0.61953125 0.49921875 0.05859375 0.16640625
3 0.0703125 0.50625 0.03671875 0.1859375
2 0.3421875 0.49765625 0.0375 0.17578125
2 0.71953125 0.4796875 0.0421875 0.19921875
3 0.90546875 0.47421875 0.04921875 0.2265625
0 0.54140625 0.4609375 0.02734375 0.04921875