2 0.87109375 0.54375 0.12421875 0.55859375
2 0.409375 0.5046875 0.04140625 0.18828125
2 0.084375 0.50546875 0.071875 0.2328125
2 0.66015625 0.50859375 0.06796875 0.33984375
2 0.75390625 0.4953125 0.08984375 0.2171875
2 0.81015625 0.51015625 0.04609375 0.1609375
2 0.434375 0.49453125 0.02890625 0.17421875
3 0.3328125 0.5046875 0.03671875 0.13984375
2 0.69765625 0.52421875 0.05078125 0.20703125
1 0.45390625 0.50078125 0.025 0.13046875
2 0.6625 0.52421875 0.11875 0.2109375
0 0.8140625 0.55859375 0.01640625 0.034375
1 0.596875 0.49453125 0.02265625 0.13515625
2 0.0671875 0.50078125 0.04140625 0.19921875