2 0.1546875 0.6125 0.06875 0.24140625
2 0.6171875 0.5734375 0.0359375 0.11484375
2 0.66015625 0.571875 0.0265625 0.1
2 0.16171875 0.5890625 0.0390625 0.128125
2 0.2078125 0.5921875 0.02109375 0.184375
2 0.26953125 0.6015625 0.0390625 0.23046875
2 0.36015625 0.528125 0.028125 0.16640625
2 0.384375 0.56640625 0.03203125 0.184375
2 0.48671875 0.575 0.05390625 0.15859375
2 0.53359375 0.59453125 0.02421875 0.19609375
3 0.77265625 0.58203125 0.03359375 0.18046875
3 0.0203125 0.63203125 0.03984375 0.23203125