2 0.39765625 0.471875 0.06640625 0.26328125
2 0.29140625 0.46796875 0.046875 0.240625
2 0.84453125 0.4984375 0.046875 0.253125
2 0.56796875 0.459375 0.0484375 0.315625
2 0.63984375 0.478125 0.04609375 0.2734375
2 0.7171875 0.5015625 0.0671875 0.18984375
2 0.78828125 0.509375 0.0484375 0.196875
2 0.15859375 0.475 0.046875 0.18125
0 0.55078125 0.5390625 0.02265625 0.0484375
2 0.5296875 0.5171875 0.05703125 0.1390625
3 0.221875 0.4875 0.0328125 0.1578125
2 0.42890625 0.49296875 0.0328125 0.1703125
3 0.959375 0.5203125 0.03828125 0.2