2 0.5265625 0.603125 0.10546875 0.35859375
2 0.8921875 0.55546875 0.05078125 0.2390625
2 0.42734375 0.5796875 0.0703125 0.1625
1 0.95 0.53359375 0.04921875 0.196875
3 0.603125 0.55078125 0.0515625 0.159375
2 0.775 0.540625 0.04921875 0.165625
1 0.3546875 0.53671875 0.0296875 0.165625
2 0.8171875 0.553125 0.04296875 0.17890625
0 0.40390625 0.5859375 0.021875 0.05390625
2 0.22734375 0.6453125 0.1078125 0.44140625
1 0.01953125 0.525 0.02890625 0.1515625
1 0.06953125 0.52578125 0.02578125 0.140625
1 0.09375 0.52265625 0.02109375 0.15
1 0.11796875 0.53203125 0.02265625 0.1484375
1 0.1328125 0.5296875 0.02265625 0.1359375
1 0.16953125 0.53359375 0.0203125 0.1265625