2 0.41171875 0.5359375 0.05234375 0.1859375
2 0.55625 0.57734375 0.0578125 0.3671875
2 0.79609375 0.54609375 0.0515625 0.28515625
2 0.64140625 0.56953125 0.115625 0.32421875
1 0.3328125 0.528125 0.034375 0.16171875
1 0.9171875 0.521875 0.05703125 0.21640625
2 0.725 0.5609375 0.08203125 0.29765625
2 0.0296875 0.6234375 0.04921875 0.28359375
2 0.88125 0.5359375 0.0640625 0.23359375
1 0.20859375 0.51640625 0.03203125 0.159375
1 0.8390625 0.52890625 0.03359375 0.18046875
1 0.990625 0.5296875 0.01875 0.184375
1 0.071875 0.52109375 0.021875 0.13828125
1 0.109375 0.51640625 0.0296875 0.15390625
1 0.15234375 0.528125 0.01953125 0.12734375