2 0.3671875 0.52421875 0.04296875 0.20625
2 0.7328125 0.53203125 0.03203125 0.184375
2 0.43828125 0.53125 0.028125 0.1953125
3 0.50078125 0.5328125 0.06015625 0.2078125
2 0.53515625 0.53046875 0.040625 0.18828125
2 0.39609375 0.53125 0.02890625 0.18828125
2 0.42109375 0.521875 0.03203125 0.20546875
3 0.790625 0.51640625 0.06640625 0.2453125
1 0.078125 0.5421875 0.0203125 0.125
1 0.09453125 0.53984375 0.01640625 0.1484375
1 0.1140625 0.54375 0.02734375 0.1375
1 0.93046875 0.51953125 0.040625 0.18984375