2 0.134375 0.53125 0.1203125 0.54140625
2 0.58203125 0.49375 0.040625 0.18203125
2 0.89609375 0.49375 0.06953125 0.22578125
2 0.3390625 0.49765625 0.065625 0.32890625
2 0.24765625 0.484375 0.08671875 0.2109375
2 0.19375 0.49921875 0.04453125 0.15625
2 0.55703125 0.48359375 0.028125 0.16875
3 0.65625 0.49375 0.03515625 0.1359375
2 0.30234375 0.5125 0.04921875 0.20078125
1 0.53828125 0.48984375 0.02421875 0.1265625
2 0.3359375 0.5125 0.11484375 0.20390625
0 0.18984375 0.54609375 0.015625 0.03359375
1 0.4 0.48359375 0.021875 0.13125
2 0.91328125 0.48984375 0.03984375 0.19296875