2 0.340625 0.60390625 0.0640625 0.296875
2 0.4359375 0.6171875 0.06015625 0.24921875
1 0.19296875 0.62265625 0.0203125 0.11015625
1 0.23046875 0.63046875 0.02734375 0.1375
2 0.271875 0.61328125 0.05625 0.23125
2 0.96640625 0.58671875 0.0671875 0.30234375
2 0.87890625 0.60625 0.05859375 0.24609375
2 0.815625 0.6015625 0.06484375 0.24921875
2 0.40703125 0.6265625 0.04296875 0.2296875
2 0.846875 0.61484375 0.0421875 0.2046875
0 0.3609375 0.55625 0.03359375 0.06953125
1 0.165625 0.61953125 0.0390625 0.0984375