2 0.37890625 0.5328125 0.05625 0.26015625
2 0.4625 0.54453125 0.05234375 0.21875
1 0.24921875 0.54921875 0.01796875 0.096875
1 0.2828125 0.55625 0.02421875 0.1203125
2 0.31875 0.54140625 0.04921875 0.203125
2 0.9296875 0.51796875 0.06328125 0.26484375
2 0.8515625 0.534375 0.0515625 0.215625
2 0.7953125 0.53046875 0.05703125 0.21875
2 0.43671875 0.55234375 0.0375 0.20078125
2 0.8234375 0.54296875 0.03671875 0.1796875
3 0.06484375 0.55390625 0.04140625 0.228125
0 0.396875 0.490625 0.0296875 0.0609375
1 0.225 0.54609375 0.034375 0.08671875