2 0.57421875 0.58671875 0.0515625 0.23125
2 0.1390625 0.675 0.05078125 0.21328125
2 0.64609375 0.56953125 0.0359375 0.1640625
2 0.0390625 0.6953125 0.06015625 0.22734375
2 0.27890625 0.6375 0.040625 0.2
2 0.36953125 0.6234375 0.05546875 0.1921875
3 0.44921875 0.621875 0.0234375 0.14453125
2 0.465625 0.60859375 0.03515625 0.19140625
2 0.49375 0.60703125 0.03203125 0.1640625
3 0.74375 0.56484375 0.05234375 0.17109375
2 0.31796875 0.621875 0.0359375 0.19609375
1 0.7828125 0.54765625 0.03515625 0.1671875
2 0.3484375 0.6171875 0.02578125 0.17734375
2 0.2984375 0.47421875 0.0265625 0.09609375
0 0.303125 0.43984375 0.0140625 0.0234375