2 0.50859375 0.48046875 0.16171875 0.90859375
2 0.1765625 0.453125 0.15078125 0.8078125
2 0.69375 0.4765625 0.09375 0.5359375
2 0.41484375 0.4578125 0.08125 0.48359375
2 0.271875 0.46796875 0.0546875 0.171875
2 0.64453125 0.47265625 0.04765625 0.228125
3 0.3546875 0.47890625 0.02421875 0.1140625
2 0.37890625 0.47734375 0.0390625 0.18203125
2 0.05078125 0.47890625 0.08125 0.22578125
1 0.61015625 0.47734375 0.03125 0.134375
1 0.33515625 0.46484375 0.02578125 0.115625
1 0.27890625 0.4796875 0.02734375 0.10546875