1 0.1875 0.51953125 0.0296875 0.115625
2 0.22890625 0.5109375 0.04765625 0.21015625
2 0.48359375 0.50546875 0.09140625 0.2359375
2 0.74375 0.50859375 0.03359375 0.21171875
2 0.40625 0.5140625 0.0359375 0.20546875
2 0.79375 0.5234375 0.0515625 0.18046875
2 0.8359375 0.51640625 0.05 0.19921875
3 0.978125 0.51640625 0.0328125 0.19609375
2 0.51953125 0.5265625 0.075 0.1875
2 0.26171875 0.5203125 0.02265625 0.1703125
2 0.45 0.51875 0.0328125 0.16796875
3 0.0421875 0.515625 0.0421875 0.20703125
1 0.1171875 0.5171875 0.03359375 0.11171875
1 0.159375 0.52421875 0.03046875 0.1125
0 0.5015625 0.4796875 0.021875 0.04609375