2 0.79296875 0.3265625 0.03203125 0.1296875
2 0.29453125 0.3796875 0.04921875 0.15078125
2 0.59140625 0.3375 0.03359375 0.15625
2 0.3828125 0.365625 0.04921875 0.13515625
2 0.20234375 0.38671875 0.040625 0.159375
2 0.53984375 0.34921875 0.0390625 0.1265625
3 0.26015625 0.36328125 0.03046875 0.14140625
2 0.41015625 0.36171875 0.04375 0.13828125
2 0.47890625 0.35234375 0.03203125 0.1328125
2 0.5015625 0.36328125 0.02734375 0.1171875
2 0.56875 0.34375 0.021875 0.13828125
1 0.08515625 0.36328125 0.08984375 0.30390625
0 0.2046875 0.36875 0.015625 0.040625
3 0.89765625 0.33125 0.034375 0.22109375