2 0.76328125 0.37109375 0.0296875 0.11953125
2 0.30234375 0.41953125 0.0453125 0.1390625
2 0.5765625 0.38046875 0.03125 0.14453125
2 0.38359375 0.40703125 0.0453125 0.125
2 0.2171875 0.4265625 0.0375 0.146875
2 0.52890625 0.39140625 0.0359375 0.11640625
3 0.2703125 0.40390625 0.028125 0.13046875
2 0.409375 0.403125 0.040625 0.128125
2 0.47265625 0.39453125 0.0296875 0.121875
2 0.49375 0.40390625 0.025 0.10859375
2 0.55546875 0.3859375 0.0203125 0.128125
1 0.10859375 0.40390625 0.0828125 0.28046875
0 0.21953125 0.409375 0.01484375 0.0375
3 0.86015625 0.375 0.03203125 0.20390625