2 0.2640625 0.48515625 0.04609375 0.171875
2 0.8390625 0.52578125 0.06640625 0.2234375
2 0.5125 0.5109375 0.06484375 0.19765625
2 0.45 0.5125 0.11484375 0.18515625
2 0.40703125 0.5046875 0.06015625 0.1765625
2 0.3765625 0.49453125 0.03984375 0.14765625
3 0.18515625 0.4796875 0.03125 0.17734375
2 0.49609375 0.51171875 0.034375 0.18515625
1 0.1359375 0.46796875 0.04140625 0.1953125
1 0.934375 0.56640625 0.13125 0.8640625
1 0.97734375 0.54921875 0.04453125 0.6703125
0 0.48203125 0.50703125 0.01796875 0.04140625