2 0.52109375 0.51796875 0.1109375 0.2375
2 0.74453125 0.55546875 0.08515625 0.378125
2 0.40546875 0.5296875 0.08046875 0.25625
2 0.34375 0.5515625 0.07890625 0.27578125
1 0.9359375 0.48125 0.03828125 0.2171875
1 0.89296875 0.49140625 0.0546875 0.184375
1 0.8234375 0.49765625 0.05234375 0.171875
2 0.65703125 0.525 0.1015625 0.23203125
1 0.02890625 0.48515625 0.03671875 0.15234375
3 0.60546875 0.49453125 0.03828125 0.18359375
1 0.99375 0.48515625 0.0125 0.20859375
1 0.10859375 0.475 0.0265625 0.1578125
1 0.1296875 0.48203125 0.0171875 0.14375
1 0.1484375 0.48671875 0.02890625 0.13359375
1 0.1890625 0.48828125 0.021875 0.12734375
1 0.24453125 0.48828125 0.01796875 0.13046875
1 0.26640625 0.4875 0.021875 0.14140625
1 0.08515625 0.48203125 0.02265625 0.13671875