2 0.6609375 0.34375 0.04296875 0.14296875
2 0.25625 0.3640625 0.04765625 0.19609375
2 0.29921875 0.3375 0.04453125 0.17265625
1 0.04453125 0.41953125 0.08828125 0.46484375
2 0.4390625 0.3203125 0.0359375 0.16640625
2 0.4796875 0.31875 0.03125 0.18125
2 0.21171875 0.33046875 0.0328125 0.15234375
3 0.85234375 0.33046875 0.0359375 0.19921875
3 0.17734375 0.3234375 0.0296875 0.14296875
2 0.4953125 0.3234375 0.02265625 0.1140625
2 0.5703125 0.31171875 0.0265625 0.1078125
2 0.72421875 0.34375 0.0359375 0.13125