2 0.39296875 0.53359375 0.04921875 0.24921875
2 0.528125 0.546875 0.0484375 0.1765625
2 0.696875 0.540625 0.04453125 0.17421875
2 0.81484375 0.534375 0.0421875 0.178125
3 0.3546875 0.5625 0.0296875 0.146875
2 0.44296875 0.55390625 0.05078125 0.1765625
2 0.47578125 0.553125 0.03203125 0.17421875
2 0.4921875 0.546875 0.02734375 0.184375
3 0.88828125 0.5296875 0.0359375 0.22421875
0 0.4921875 0.346875 0.01953125 0.03515625
1 0.09296875 0.5640625 0.028125 0.11796875
1 0.1328125 0.58046875 0.03203125 0.121875