2 0.221875 0.484375 0.034375 0.175
2 0.315625 0.471875 0.040625 0.15
2 0.5890625 0.44453125 0.028125 0.13359375
2 0.4234375 0.5 0.0578125 0.175
3 0.275 0.4640625 0.0375 0.13359375
0 0.440625 0.4953125 0.02421875 0.04140625
2 0.47109375 0.44609375 0.02890625 0.11875
2 0.6765625 0.4375 0.021875 0.1140625
1 0.1 0.46953125 0.075 0.23359375
2 0.3953125 0.47890625 0.040625 0.13046875
3 0.871875 0.440625 0.03125 0.175
1 0.053125 0.465625 0.034375 0.14140625
2 0.5125 0.45546875 0.046875 0.1390625
2 0.503125 0.4390625 0.028125 0.1