2 0.89765625 0.471875 0.1375 0.403125
2 0.3015625 0.45859375 0.0546875 0.2640625
2 0.56171875 0.4546875 0.04296875 0.26171875
2 0.94921875 0.40625 0.0578125 0.25
2 0.5359375 0.41796875 0.03671875 0.1703125
2 0.42734375 0.41640625 0.02734375 0.11640625
2 0.7671875 0.38515625 0.04296875 0.14453125
2 0.50234375 0.409375 0.03359375 0.125
1 0.109375 0.40625 0.10078125 0.2671875
2 0.72890625 0.39921875 0.03671875 0.15625
1 0.1671875 0.44765625 0.04609375 0.23046875
2 0.81640625 0.4078125 0.03515625 0.13359375
0 0.48984375 0.3890625 0.0140625 0.02265625