2 0.546875 0.5375 0.0578125 0.25859375
2 0.059375 0.6359375 0.05703125 0.23828125
2 0.62734375 0.51875 0.03984375 0.18359375
2 0.21640625 0.59453125 0.04609375 0.2234375
2 0.31796875 0.5796875 0.0625 0.21484375
3 0.40703125 0.5765625 0.02578125 0.1609375
2 0.425 0.5625 0.0390625 0.21328125
2 0.45625 0.5609375 0.0359375 0.18359375
3 0.73671875 0.51328125 0.05859375 0.19140625
2 0.259375 0.57734375 0.040625 0.21875
1 0.7796875 0.49453125 0.0390625 0.18671875
2 0.29375 0.571875 0.02890625 0.1984375
2 0.23828125 0.41171875 0.0296875 0.1078125
0 0.24375 0.3734375 0.015625 0.0265625