2 0.6359375 0.60625 0.04453125 0.2140625
2 0.48515625 0.66015625 0.05234375 0.26484375
2 0.25078125 0.7234375 0.06328125 0.18515625
2 0.44296875 0.6609375 0.040625 0.21015625
2 0.12890625 0.75546875 0.03828125 0.19921875
2 0.06484375 0.77578125 0.04453125 0.1890625
1 0.89609375 0.53359375 0.02890625 0.14609375
3 0.91171875 0.53515625 0.04140625 0.18203125
2 0.521875 0.63984375 0.02890625 0.1578125
3 0.57109375 0.63671875 0.0234375 0.12578125
3 0.03828125 0.75859375 0.0328125 0.18203125
0 0.40625 0.6765625 0.0125 0.021875
1 0.2796875 0.7140625 0.0390625 0.16171875