2 0.13984375 0.55390625 0.128125 0.575
2 0.6140625 0.5140625 0.04296875 0.19375
2 0.94765625 0.51484375 0.07421875 0.23984375
2 0.35625 0.51875 0.06953125 0.34921875
2 0.259375 0.50390625 0.0921875 0.2234375
2 0.20234375 0.51953125 0.046875 0.165625
2 0.58828125 0.50390625 0.03046875 0.17890625
3 0.69296875 0.51484375 0.0375 0.14375
2 0.31796875 0.534375 0.05234375 0.2125
1 0.56796875 0.51015625 0.02578125 0.134375
2 0.353125 0.534375 0.121875 0.21640625
0 0.1984375 0.56953125 0.01640625 0.03515625
1 0.42109375 0.50390625 0.02265625 0.1390625
2 0.965625 0.51015625 0.0421875 0.2046875