2 0.91484375 0.396875 0.07109375 0.33203125
2 0.45859375 0.3796875 0.0515625 0.278125
2 0.66484375 0.34140625 0.053125 0.1515625
2 0.2890625 0.33203125 0.028125 0.1203125
3 0.21328125 0.31953125 0.06171875 0.16484375
1 0.0515625 0.31015625 0.103125 0.3859375
2 0.84140625 0.3703125 0.04765625 0.15859375
2 0.17578125 0.32734375 0.03203125 0.1359375
2 0.4984375 0.33359375 0.02109375 0.1234375
2 0.42734375 0.3484375 0.03203125 0.16484375
2 0.534375 0.32734375 0.03046875 0.1046875
0 0.2296875 0.278125 0.0265625 0.05625