2 0.66171875 0.515625 0.06171875 0.284375
2 0.57109375 0.528125 0.0578125 0.2390625
1 0.803125 0.53359375 0.01953125 0.10546875
1 0.7671875 0.540625 0.0265625 0.13203125
2 0.728125 0.525 0.05390625 0.221875
2 0.06015625 0.49921875 0.06875 0.28984375
2 0.14609375 0.51796875 0.05625 0.2359375
2 0.20703125 0.51328125 0.06171875 0.2390625
2 0.5984375 0.53671875 0.040625 0.21953125
2 0.1765625 0.5265625 0.040625 0.19609375
3 0.99140625 0.5375 0.0171875 0.25
0 0.6421875 0.46953125 0.0328125 0.06640625
1 0.8296875 0.53046875 0.0375 0.09453125