2 0.453125 0.4875 0.07265625 0.28046875
2 0.8625 0.4984375 0.05625 0.221875
2 0.50234375 0.509375 0.0734375 0.234375
2 0.65703125 0.5 0.05625 0.21640625
1 0.9796875 0.49375 0.025 0.115625
1 0.946875 0.50859375 0.02734375 0.1328125
2 0.91640625 0.51328125 0.034375 0.18125
2 0.7078125 0.49765625 0.0390625 0.228125
2 0.246875 0.51328125 0.0484375 0.19375
2 0.1921875 0.5109375 0.04765625 0.1796875
2 0.4265625 0.50390625 0.0390625 0.21484375
2 0.084375 0.51484375 0.0578125 0.2125
0 0.41171875 0.46484375 0.03046875 0.0609375