2 0.58984375 0.4671875 0.06484375 0.25625
2 0.69296875 0.46328125 0.04609375 0.234375
2 0.1546875 0.49296875 0.0453125 0.24609375
2 0.42421875 0.4546875 0.04765625 0.30703125
2 0.35390625 0.4734375 0.04453125 0.26640625
2 0.27890625 0.49609375 0.06484375 0.18515625
2 0.209375 0.503125 0.04765625 0.19140625
2 0.82265625 0.46953125 0.04609375 0.1765625
0 0.440625 0.53203125 0.021875 0.04765625
2 0.4609375 0.5109375 0.05546875 0.13515625
3 0.7609375 0.48203125 0.03203125 0.15390625
2 0.559375 0.4875 0.03203125 0.165625
3 0.04296875 0.5140625 0.03671875 0.19453125