2 0.87421875 0.58203125 0.18203125 0.42265625
2 0.5140625 0.5265625 0.16328125 0.41015625
2 0.0421875 0.6359375 0.084375 0.728125
2 0.12265625 0.58515625 0.13359375 0.45390625
2 0.265625 0.45390625 0.0453125 0.246875
2 0.61953125 0.53203125 0.0765625 0.28125
2 0.1609375 0.475 0.0640625 0.32109375
2 0.03515625 0.52109375 0.0703125 0.3453125
0 0.66640625 0.6546875 0.02421875 0.04296875
3 0.90390625 0.5265625 0.059375 0.30390625
1 0.39375 0.45078125 0.034375 0.1765625
1 0.2296875 0.44453125 0.028125 0.20390625