2 0.79453125 0.6125 0.04765625 0.23828125
2 0.70234375 0.5984375 0.0390625 0.24453125
2 0.46953125 0.70390625 0.09609375 0.44921875
2 0.95546875 0.58984375 0.05625 0.24296875
3 0.23046875 0.7484375 0.171875 0.496875
0 0.4765625 0.3203125 0.015625 0.03828125
2 0.38828125 0.61484375 0.0375 0.234375
2 0.35703125 0.61875 0.03671875 0.23125
2 0.53125 0.63515625 0.04921875 0.2734375
2 0.64140625 0.61875 0.04296875 0.2609375
2 0.609375 0.6265625 0.02734375 0.23671875
2 0.4640625 0.43515625 0.03671875 0.1
2 0.49765625 0.525 0.0375 0.26640625