2 0.4171875 0.60078125 0.06953125 0.32265625
2 0.75625 0.55390625 0.0453125 0.1953125
2 0.68828125 0.53203125 0.04609375 0.23671875
2 0.6296875 0.53203125 0.03671875 0.22421875
2 0.5 0.5515625 0.05390625 0.27890625
2 0.26484375 0.6375 0.08203125 0.459375
3 0.8953125 0.6671875 0.0890625 0.459375
2 0.5921875 0.540625 0.0203125 0.22109375
2 0.57421875 0.53125 0.0296875 0.25390625
2 0.5484375 0.56328125 0.0375 0.28984375
2 0.53828125 0.4515625 0.02734375 0.071875
0 0.74296875 0.55 0.01640625 0.02890625