2 0.73203125 0.64453125 0.07578125 0.4375
2 0.45703125 0.7703125 0.09921875 0.459375
2 0.34375 0.703125 0.06875 0.4578125
2 0.6109375 0.5140625 0.07578125 0.2859375
2 0.16953125 0.6046875 0.04921875 0.38671875
2 0.55390625 0.5234375 0.05703125 0.2515625
2 0.6828125 0.50390625 0.02890625 0.2265625
0 0.6625 0.41328125 0.01875 0.04921875
3 0.9421875 0.5328125 0.03515625 0.3
1 0.82421875 0.496875 0.0296875 0.2234375
2 0.44296875 0.475 0.0375 0.14140625
2 0.3890625 0.5796875 0.03515625 0.378125
3 0.32734375 0.47265625 0.03046875 0.16953125