3 0.14921875 0.384375 0.06875 0.28671875
2 0.2828125 0.496875 0.0671875 0.321875
2 0.8109375 0.2796875 0.05625 0.23515625
2 0.5140625 0.31875 0.0703125 0.22578125
2 0.37734375 0.44609375 0.10390625 0.2984375
2 0.9125 0.6734375 0.0578125 0.35625
2 0.646875 0.43671875 0.071875 0.28359375
2 0.44609375 0.296875 0.06484375 0.3171875
2 0.63828125 0.3265625 0.0546875 0.2484375
0 0.4953125 0.22265625 0.01875 0.03984375
2 0.01796875 0.63359375 0.03203125 0.35703125
2 0.45703125 0.46640625 0.071875 0.23984375