2 0.38125 0.6453125 0.03984375 0.328125
2 0.81171875 0.7875 0.08671875 0.4203125
2 0.50859375 0.6890625 0.06328125 0.32734375
2 0.0875 0.72734375 0.05703125 0.41953125
2 0.21796875 0.64765625 0.0453125 0.28671875
2 0.66796875 0.6453125 0.059375 0.2859375
2 0.5484375 0.69296875 0.0453125 0.34453125
3 0.17890625 0.8546875 0.11015625 0.28671875
2 0.134375 0.6796875 0.04375 0.26875
2 0.71171875 0.64609375 0.0203125 0.26796875
2 0.7625 0.74453125 0.02578125 0.40703125
0 0.096875 0.46640625 0.02421875 0.0578125
1 0.965625 0.60390625 0.03359375 0.21796875