2 0.50859375 0.675 0.0609375 0.40546875
2 0.27578125 0.63828125 0.0625 0.315625
2 0.97578125 0.6375 0.0484375 0.30625
3 0.92734375 0.6015625 0.05390625 0.29375
2 0.35234375 0.6125 0.06015625 0.2921875
2 0.6796875 0.6234375 0.11484375 0.3609375
2 0.17265625 0.60546875 0.03515625 0.2671875
2 0.5953125 0.690625 0.0703125 0.3515625
1 0.4109375 0.559375 0.0328125 0.17421875
1 0.2265625 0.5578125 0.04140625 0.15703125
2 0.71640625 0.609375 0.02890625 0.31015625
2 0.6 0.50234375 0.03203125 0.11796875
0 0.94140625 0.50078125 0.02265625 0.0453125