2 0.82265625 0.63046875 0.05 0.2484375
2 0.72734375 0.615625 0.040625 0.2546875
2 0.48359375 0.72578125 0.1 0.46875
2 0.98125 0.60703125 0.0375 0.253125
3 0.234375 0.75625 0.1796875 0.48671875
0 0.49140625 0.32578125 0.015625 0.03984375
2 0.39921875 0.63359375 0.0390625 0.24453125
2 0.36640625 0.63671875 0.03828125 0.24140625
2 0.5484375 0.65390625 0.05078125 0.28515625
2 0.66328125 0.63671875 0.04453125 0.27265625
2 0.63046875 0.6453125 0.028125 0.246875
2 0.47890625 0.4453125 0.03828125 0.10390625
2 0.51328125 0.5390625 0.0390625 0.27734375