2 0.74609375 0.6578125 0.07265625 0.421875
2 0.48125 0.77890625 0.0953125 0.4421875
2 0.371875 0.7140625 0.06640625 0.44140625
2 0.6296875 0.53203125 0.07265625 0.275
2 0.2046875 0.61953125 0.04765625 0.371875
2 0.57421875 0.54140625 0.0546875 0.2421875
2 0.6984375 0.521875 0.02734375 0.21796875
0 0.67890625 0.43515625 0.01796875 0.04765625
3 0.94765625 0.55 0.03359375 0.2890625
1 0.834375 0.51484375 0.02890625 0.21484375
2 0.4671875 0.49453125 0.0359375 0.1359375
2 0.415625 0.5953125 0.03359375 0.3640625
3 0.35625 0.4921875 0.0296875 0.16328125