2 0.37109375 0.6375 0.0421875 0.34296875
2 0.82109375 0.7828125 0.090625 0.434375
2 0.50390625 0.6828125 0.06640625 0.34140625
2 0.06484375 0.72265625 0.059375 0.4375
2 0.20078125 0.6390625 0.04765625 0.29921875
2 0.6703125 0.6375 0.06171875 0.2984375
2 0.5453125 0.68671875 0.04765625 0.359375
3 0.16015625 0.85234375 0.11484375 0.29453125
2 0.11328125 0.6734375 0.04609375 0.28046875
2 0.71640625 0.6375 0.021875 0.2796875
2 0.76953125 0.740625 0.02734375 0.42421875
0 0.07421875 0.45078125 0.025 0.0609375
1 0.98125 0.59375 0.03515625 0.22734375