2 0.38125 0.62421875 0.0765625 0.3546875
2 0.7546875 0.57265625 0.05 0.21484375
2 0.6796875 0.5484375 0.05078125 0.26015625
2 0.615625 0.5484375 0.040625 0.246875
2 0.47265625 0.5703125 0.059375 0.30703125
2 0.2140625 0.6640625 0.08984375 0.5046875
3 0.9078125 0.69765625 0.09765625 0.5046875
2 0.57421875 0.5578125 0.02265625 0.24296875
2 0.5546875 0.54765625 0.0328125 0.2796875
2 0.5265625 0.58359375 0.04140625 0.31953125
2 0.51484375 0.46015625 0.03046875 0.07890625
0 0.740625 0.56796875 0.01796875 0.03125