2 0.4921875 0.6734375 0.0609375 0.40078125
2 0.72265625 0.63671875 0.06171875 0.3125
2 0.02734375 0.6359375 0.05234375 0.303125
3 0.07734375 0.6 0.053125 0.290625
2 0.646875 0.6109375 0.059375 0.2890625
2 0.32265625 0.621875 0.11328125 0.35703125
2 0.825 0.60390625 0.034375 0.26484375
2 0.40625 0.68828125 0.06953125 0.3484375
1 0.58828125 0.559375 0.0328125 0.171875
1 0.77109375 0.55703125 0.04140625 0.15546875
2 0.28671875 0.6078125 0.02890625 0.30703125
2 0.40234375 0.50234375 0.03203125 0.11640625
0 0.06328125 0.50078125 0.02265625 0.04453125