2 0.296875 0.61328125 0.07265625 0.290625
2 0.390625 0.57890625 0.04765625 0.2609375
2 0.4484375 0.58359375 0.06484375 0.27109375
2 0.046875 0.59765625 0.04296875 0.27265625
2 0.7125 0.61640625 0.0828125 0.36484375
2 0.79296875 0.61484375 0.0546875 0.37109375
1 0.96796875 0.69296875 0.0640625 0.6140625
2 0.95703125 0.63046875 0.06015625 0.34375
2 0.846875 0.6265625 0.078125 0.2890625
0 0.96875 0.621875 0.02890625 0.06328125
2 0.5796875 0.6015625 0.05390625 0.31953125
2 0.61640625 0.6 0.0515625 0.30234375