3 0.84921875 0.38046875 0.06953125 0.29140625
2 0.71328125 0.4953125 0.06796875 0.32734375
2 0.1765625 0.27421875 0.05703125 0.2390625
2 0.47890625 0.3140625 0.071875 0.2296875
2 0.6171875 0.44375 0.10546875 0.303125
2 0.07421875 0.67421875 0.05859375 0.3625
2 0.34296875 0.43359375 0.0734375 0.28828125
2 0.546875 0.29140625 0.065625 0.32265625
2 0.35234375 0.321875 0.05546875 0.253125
0 0.49765625 0.21640625 0.01875 0.040625
2 0.98203125 0.634375 0.0328125 0.3625
2 0.5359375 0.4640625 0.07265625 0.24375