2 0.19921875 0.6140625 0.0484375 0.24140625
2 0.29140625 0.6 0.03984375 0.24765625
2 0.52734375 0.70703125 0.096875 0.45546875
2 0.0359375 0.59140625 0.05625 0.24609375
3 0.76875 0.75 0.17421875 0.5
0 0.51953125 0.31796875 0.015625 0.03828125
2 0.60859375 0.61640625 0.03828125 0.2375
2 0.640625 0.6203125 0.03671875 0.234375
2 0.46484375 0.63671875 0.04921875 0.2765625
2 0.353125 0.61953125 0.04375 0.26484375
2 0.38515625 0.628125 0.02734375 0.23984375
2 0.53203125 0.434375 0.0375 0.10078125
2 0.4984375 0.52578125 0.03828125 0.26953125