3 0.76875 0.61953125 0.05625 0.2703125
2 0.440625 0.59140625 0.0484375 0.1484375
2 0.35859375 0.5890625 0.0390625 0.18125
2 0.64296875 0.58515625 0.040625 0.1984375
2 0.5125 0.584375 0.0328125 0.16875
2 0.6890625 0.6015625 0.0328125 0.22265625
2 0.53828125 0.57890625 0.021875 0.16875
2 0.61953125 0.5703125 0.0171875 0.14453125
2 0.4515625 0.528125 0.02265625 0.06015625
2 0.35703125 0.50859375 0.02109375 0.05390625
0 0.37265625 0.596875 0.01015625 0.02578125
1 0.246875 0.56484375 0.02265625 0.1796875