3 0.23984375 0.84453125 0.1296875 0.3109375
2 0.66875 0.80546875 0.08984375 0.32109375
2 0.78828125 0.8171875 0.09375 0.365625
2 0.42265625 0.6875 0.1046875 0.3265625
2 0.55234375 0.6203125 0.0625 0.29765625
2 0.06015625 0.7796875 0.07890625 0.4234375
2 0.33984375 0.678125 0.05703125 0.36953125
2 0.13359375 0.8203125 0.05078125 0.3578125
2 0.17421875 0.71015625 0.0375 0.22109375
2 0.6390625 0.59453125 0.02734375 0.23515625
0 0.82421875 0.80703125 0.02421875 0.0625
3 0.86640625 0.61875 0.03359375 0.19609375