2 0.25625 0.64140625 0.07109375 0.41015625
2 0.51328125 0.77109375 0.09296875 0.45390625
2 0.61953125 0.6953125 0.06484375 0.4296875
2 0.36875 0.51875 0.07109375 0.26796875
2 0.7828125 0.60390625 0.04609375 0.36171875
2 0.42265625 0.528125 0.053125 0.23515625
2 0.3015625 0.509375 0.02734375 0.2125
0 0.32109375 0.42421875 0.0171875 0.04609375
3 0.059375 0.53671875 0.0328125 0.28125
1 0.16953125 0.50234375 0.028125 0.209375
2 0.52734375 0.48203125 0.03515625 0.1328125
2 0.57734375 0.58046875 0.0328125 0.3546875
3 0.63515625 0.48046875 0.02890625 0.159375