2 0.70625 0.63203125 0.0671875 0.26875
2 0.61953125 0.60078125 0.04375 0.2421875
2 0.56640625 0.60546875 0.06015625 0.25078125
2 0.9375 0.61796875 0.03984375 0.25234375
2 0.32109375 0.63515625 0.0765625 0.3375
2 0.246875 0.63359375 0.05078125 0.34375
1 0.05703125 0.71015625 0.1140625 0.57421875
2 0.09453125 0.6484375 0.05625 0.31796875
2 0.196875 0.64453125 0.07265625 0.26796875
0 0.08359375 0.640625 0.0265625 0.05859375
2 0.44375 0.621875 0.05 0.29609375
2 0.41015625 0.6203125 0.04765625 0.2796875