0 0.41796875 0.5828125 0.0234375 0.04453125
2 0.4 0.603125 0.07890625 0.32578125
2 0.6125 0.56640625 0.06640625 0.23515625
2 0.9109375 0.559375 0.05234375 0.24140625
2 0.21484375 0.56171875 0.0484375 0.23125
2 0.4484375 0.53984375 0.04609375 0.20703125
2 0.66484375 0.5140625 0.04921875 0.16484375
2 0.50390625 0.51484375 0.02421875 0.16328125
1 0.3296875 0.51875 0.028125 0.12265625
3 0.15859375 0.5375 0.0359375 0.17734375
3 0.70703125 0.50625 0.0234375 0.121875
2 0.584375 0.49609375 0.021875 0.12734375