0 0.57734375 0.6046875 0.0234375 0.0453125
2 0.5953125 0.62578125 0.0796875 0.3296875
2 0.38125 0.58828125 0.0671875 0.23828125
2 0.0796875 0.58046875 0.053125 0.24375
2 0.7828125 0.58359375 0.04921875 0.234375
2 0.546875 0.56171875 0.04609375 0.209375
2 0.328125 0.53515625 0.04921875 0.16640625
2 0.490625 0.5359375 0.02421875 0.165625
1 0.6671875 0.53984375 0.028125 0.12421875
3 0.83984375 0.559375 0.0359375 0.1796875
3 0.2859375 0.52734375 0.02421875 0.12265625
2 0.409375 0.5171875 0.021875 0.128125