0 0.57734375 0.58828125 0.02265625 0.04375
2 0.5953125 0.60859375 0.07734375 0.31953125
2 0.3875 0.57265625 0.06484375 0.23046875
2 0.0953125 0.565625 0.0515625 0.2359375
2 0.7765625 0.56796875 0.04765625 0.2265625
2 0.54765625 0.546875 0.04453125 0.203125
2 0.3359375 0.52109375 0.04765625 0.1609375
2 0.49375 0.521875 0.0234375 0.16015625
1 0.6640625 0.52578125 0.02734375 0.1203125
3 0.83203125 0.54453125 0.03515625 0.17421875
3 0.29453125 0.5140625 0.0234375 0.11875
2 0.41484375 0.50390625 0.02109375 0.12421875