3 0.7015625 0.7875 0.06953125 0.13515625
2 0.1640625 0.55859375 0.07734375 0.1796875
3 0.04296875 0.73046875 0.0859375 0.2390625
0 0.3125 0.2875 0.02109375 0.0296875
2 0.290625 0.4953125 0.0921875 0.21484375
2 0.33671875 0.4921875 0.0921875 0.2921875
2 0.3171875 0.65859375 0.10859375 0.25078125
2 0.37734375 0.51875 0.07890625 0.2125
2 0.43203125 0.5234375 0.07578125 0.18515625
2 0.48984375 0.6875 0.09609375 0.2328125
2 0.50546875 0.346875 0.09375 0.175
3 0.6 0.284375 0.0828125 0.20625
2 0.8625 0.72421875 0.1171875 0.27734375
2 0.821875 0.43046875 0.0890625 0.2109375
1 0.98125 0.2796875 0.0375 0.196875