3 0.3109375 0.7484375 0.065625 0.128125
2 0.81953125 0.53203125 0.0734375 0.1703125
3 0.93515625 0.69453125 0.0828125 0.2265625
0 0.67890625 0.275 0.0203125 0.028125
2 0.7 0.471875 0.0875 0.203125
2 0.65625 0.46953125 0.0875 0.2765625
2 0.675 0.6265625 0.103125 0.2375
2 0.61796875 0.49453125 0.075 0.2015625
2 0.565625 0.4984375 0.071875 0.175
2 0.5109375 0.65390625 0.090625 0.2203125
2 0.49609375 0.33125 0.0890625 0.165625
3 0.40703125 0.27265625 0.078125 0.1953125
2 0.15859375 0.6890625 0.1109375 0.2625
2 0.196875 0.4109375 0.084375 0.2
1 0.04375 0.26953125 0.04296875 0.1890625