3 0.67265625 0.82578125 0.07421875 0.14453125
2 0.09921875 0.58203125 0.0828125 0.1921875
0 0.2578125 0.2921875 0.02265625 0.03203125
2 0.234375 0.5140625 0.0984375 0.22890625
2 0.28359375 0.51171875 0.0984375 0.31171875
2 0.2625 0.68828125 0.11640625 0.26796875
2 0.3265625 0.53984375 0.084375 0.22734375
2 0.3859375 0.54375 0.08125 0.196875
2 0.446875 0.71953125 0.10234375 0.2484375
2 0.4640625 0.35546875 0.1 0.18671875
3 0.5640625 0.28984375 0.08828125 0.2203125
2 0.84453125 0.75859375 0.125 0.29609375
2 0.80078125 0.4453125 0.0953125 0.225
1 0.97421875 0.2859375 0.0484375 0.2125